{
"name": "DICHROICON_bottom",
"valid_begin": [0, 0],
"valid_end": [0, 0],

"x": [0.0, 227.206486912, -227.206486912, -446.544490704, 447.383652602, 0.0, -212.342135132, 212.342135132, 665.09266651, 431.775299008, -431.775299008, -665.09266651]
"y": [-249.729157132, 125.207579404, 125.207579404, -249.726563538, -250.195858256, 521.61000326, -612.345351126, -612.345351126, 125.207579404, 493.967065658, 493.967065658, 125.207579404]
"z": [-1061.37680765, -1059.88169329, -1059.88169329, -1000.58741513, -1003.61333542, -1096.50944528, -950.660503552, -950.660503552, -938.445108374, -947.331430454, -947.331430454, -938.445108374]
"dir_x": [-0.0, -0.208223078823, 0.208223078823, 0.397350064587, -0.396990386319, -0.0, 0.184553854833, -0.184553854833, -0.574830510737, -0.37469679616, 0.37469679616, 0.574830510737]
"dir_y": [0.229033630963, -0.114746317457, -0.114746317457, 0.222214960025, 0.222013812634, -0.429572809007, 0.532210411132, 0.532210411132, -0.108215201341, -0.428667126942, -0.428667126942, -0.108215201341]
"dir_z": [0.973418510143, 0.971327149871, 0.971327149871, 0.890355792767, 0.890566392904, 0.903032226314, 0.826251749135, 0.826251749135, 0.811085293988, 0.822099023979, 0.822099023979, 0.811085293988]
}

